001284
001307
001308
001589
001640
001695
001911
002190
002294
002473
002493
002685
002687
002830
003204
003513
003516
003582
003626
004073
004083
004139
004318
004321
004332
004570
004571
004619
004919
004925
005210
005532
005541
005552
005648
006057
006058
006069
006072
006445
006696
006710
007055
007467
007515
007649
007653
007755
007964
008007
008230
008516
008643
008772
008792
008793
008794
008798
008818
009042
009116
009199
009268
009276
009335
009367
009399
009469
009474
009536
009636
009649
009915
010000
010252
010255
010484
010579
011002
011357
011361
011711
011887
011892
012207
012208
012301
012874
012922
012995
013088
013197
013378
013551
013575
013683
013685
014777
014885
015093
015094
015157
015462
015482
015489
015521
015776
015779
016524
016526
017217
017244
017253
017338
017355
017356
017486
017547
017852
017854
017968
017969
018237
018325
018335
018480
018481
019095
019121
019569
019703
019783
019843
019848
020054
020222
020301
020393
020468
020470
020536
021466
021954
021957
021958
022597
022816
023028
023228
023239
023247
023303
023916
023917
024313
024315
024343
024448
024456
024492
024607
024630
024699
024731
025218
025219
025267
025290
025527
025602
025635
028385
028386
028446
028570
028986
029128
031057
031113
031162
031221
032084
032085
032168
032222
033027
033149
033478
033480
033504
033508
033520
034551
034637
