1284
1307
1308
1589
1640
1695
1911
2190
2294
2473
2493
2685
2687
2830
3204
3513
3516
3582
3626
4073
4083
4139
4318
4321
4332
4570
4571
4619
4919
4925
5210
5532
5541
5552
5648
6057
6058
6069
6072
6445
6696
6710
7055
7467
7515
7649
7653
7755
7964
8007
8230
8516
8643
8772
8792
8793
8794
8798
8818
9042
9116
9199
9268
9276
9335
9367
9399
9469
9474
9536
9636
9649
9915
10000
10252
10255
10484
10579
11002
11357
11361
11711
11887
11892
12207
12208
12301
12874
12922
12995
13088
13197
13378
13551
13575
13683
13685
14777
14885
15093
15094
15157
15462
15482
15489
15521
15776
15779
16524
16526
17217
17244
17253
17338
17355
17356
17486
17547
17852
17854
17968
17969
18237
18325
18335
18480
18481
19095
19121
19569
19703
19783
19843
19848
20054
20222
20301
20393
20468
20470
20536
21466
21954
21957
21958
22597
22816
23028
23228
23239
23247
23303
23916
23917
24313
24315
24343
24448
24456
24492
24607
24630
24699
24731
25218
25219
25267
25290
25527
25602
25635
28385
28386
28446
28570
28986
29128
31057
31113
31162
31221
32084
32085
32168
32222
33027
33149
33478
33480
33504
33508
33520
34551
34637
