007547
007548
007621
007622
007636
007651
007673
007681
007684
007750
007758
007831
007889
007942
007953
007995
008100
008105
008164
008238
008293
008342
008344
008366
008383
008397
008402
008422
008452
008490
008493
008496
008497
008514
008531
008558
008624
008638
008740
008758
008762
008769
008780
008789
008797
008811
008814
008820
008822
008853
008873
008904
008914
008924
008944
008962
008976
008997
009011
009017
009019
009031
009044
009081
009093
009116
009123
009124
009134
009176
009192
009211
009230
009275
009281
009330
009335
009384
009385
009399
009421
009440
009501
009512
009556
009581
009591
009600
009614
009616
009738
009865
009866
009867
009882
009923
009953
010305
010323
010387
010388
010408
010558
010671
010675
010692
010729
010755
010902
010979
010998
011021
011050
011121
011144
011171
011323
011411
011412
011459
011479
011520
011565
011723
011733
011750
011756
011757
011771
011814
011838
011994
011995
011996
012028
012032
012161
012162
012238
012251
012317
012324
012503
012564
012592
012643
012743
012750
012804
012859
012907
012932
