7547
7548
7621
7622
7636
7651
7673
7681
7684
7750
7758
7831
7889
7942
7953
7995
8100
8105
8164
8238
8293
8342
8344
8366
8383
8397
8402
8422
8452
8490
8493
8496
8497
8514
8531
8558
8624
8638
8740
8758
8762
8769
8780
8789
8797
8811
8814
8820
8822
8853
8873
8904
8914
8924
8944
8962
8976
8997
9011
9017
9019
9031
9044
9081
9093
9116
9123
9124
9134
9176
9192
9211
9230
9275
9281
9330
9335
9384
9385
9399
9421
9440
9501
9512
9556
9581
9591
9600
9614
9616
9738
9865
9866
9867
9882
9923
9953
10305
10323
10387
10388
10408
10558
10671
10675
10692
10729
10755
10902
10979
10998
11021
11050
11121
11144
11171
11323
11411
11412
11459
11479
11520
11565
11723
11733
11750
11756
11757
11771
11814
11838
11994
11995
11996
12028
12032
12161
12162
12238
12251
12317
12324
12503
12564
12592
12643
12743
12750
12804
12859
12907
12932
