1330992558
1329427973
1329345729
1328544472
1326272756
1326236583
1325615606
1325603675
1325603285
1324559929
1322665000
1322661275
1322643316
1322068443
1321719988
1321029458
1321021724
1320959003
1319934990
1319882035
1319741050
1317334080
1317233328
1314190983
1313432678
1313099574
1313066970
1312041414
1312039801
1311699794
1311408911
1310584131
1310517484
1310516462
1310505103
1308975080
1308970350
1305633413
1305579895
1304456924
1303508236
1303326171
1300638659
1300234390
1300157580
1300012506
1299133723
1295567807
1295399481
1295272942
1294351798
1294342037
1294280153
1293470265
1291432814
1288995358
1287092822
1286631259
1283572809
1283547128
1281286269
1279788778
1279540530
1278597522
1274819840
1274704290
1274704209
1274624360
1271382005
1269036750
1266924280
1260423585
1260300737
1256093199
1255166091
1248040920
1247853028
1247852753
1246409745
1246304692
1246173103
1244445090
1244120242
1242766529
1242341037
1242252212
1240852501
1240658603
1240536677
1237548039
1237511741
1236699795
1236592627
1235753372
1234591842
1234340324
1233955063
1233243660
1233171380
1233169698
1232379202
1232374379
1232373368
1232147704
1232146964
1232029228
1232002618
1230749776
1230747050
1230744347
1228151670
1222733224
1222618098
1222456618
1222343126
1221766736
1221762414
1220210977
1220011905
1217472296
1217471329
1215727871
1215727204
1215631968
1215630427
1215529327
1215447840
1214512900
1214512706
1210566908
1210403055
1208467048
1208459496
1208458340
1208444094
1208443327
1207954621
1207754394
1206022217
1205931311
1205799448
1205798766
1203785903
1203621643
1203497592
1203336983
1199132813
1198920742
1197840477
1197569803
1197382166
1197366716
1189171828
1189129932
1188980058
1188401447
1188354793
1188258273
1188256612
1186843427
1186671482
1186424460
1186370980
1185892835
1185790303
1185760597
1185230272
1185117358
1185115512
1184011522
1184009958
1182626880
1182543102
1182537084
1182525595
1181981285
1181237468
1180625175
1178557013
1178555052
1178549073
1177250646
1174158658
1173910504
1173909659
1173799559
1173473411
1173324031
1172438372
1171050091
1171020133
1170666816
1170320301
1169454896
1168531045
1168471958
1166737381
1166737243
1166128200
1166102572
1165664195
1164688295
1164684132
1164205313
1164204360
1163281098
1162979646
1162418238
1162416963
1162365211
1161785878
1161761219
1161596130
1158354155
1158350901
1153586608
1153581147
1152600987
1152520728
1152513003
1152411076
1151601720
1151424707
1151422655
1150929640
1150420605
1145249292
1145248239
1144767364
1144530673
1143522573
1142174103
1140746191
1139639012
1138679048
1138282154
1135935191
1135232556
1135230066
1133479422
1133433467
1131827133
1129271263
1129264679
1126629230
1124268228
1123940266
1122100226
1122097645
1120748213
1120532909
1119707238
1119690049
1119300071
1119143181
1119140509
1118584358
1118310550
1117970392
1117524091
1117445641
1117103016
1116661577
1116137928
1115105420
1115028902
1115023217
1115022216
1115021258
1114934845
1114545475
1114121408
1113157770
1112269205
1112006832
1111239756
1110628262
1110614806
1109000038
1108724158
1105710439
1103443250
1103341631
1101906913
1098656452
1098652794
1098611473
1098609713
1096755960
1096228184
1096209792
1096197454
1094899587
1093380067
1093335106
1092029891
1091851395
1091851160
1090257671
1090183528
1090140523
1087849379
1087312730
1087209624
1085004284
1084580979
1084079575
1084066234
1082255315
1080114745
1078995973
1078962234
1077352290
1076762245
1074318579
1071351152
1068305548
1064149810
1062942985
1061464838
1052261929
1051916137
1050361840
