version-to-version	oldT	newT	oldA	newA	tIns	tDel	aIns	aDel	totAl
rev_006297.sql-rev_006316.sql	35	35	307	307	0	0	0	0	0
rev_006316.sql-rev_006396.sql	35	35	307	307	0	0	0	0	0
rev_006396.sql-rev_006452.sql	35	35	307	307	0	0	0	0	0
rev_006452.sql-rev_006659.sql	35	35	307	307	0	0	0	0	0
rev_006659.sql-rev_006691.sql	35	35	307	307	0	0	0	0	0
rev_006691.sql-rev_006692.sql	35	35	307	307	0	0	0	0	0
rev_006692.sql-rev_006694.sql	35	35	307	307	0	0	0	0	0
rev_006694.sql-rev_006700.sql	35	35	307	307	0	0	0	0	0
rev_006700.sql-rev_006701.sql	35	35	307	307	0	0	0	0	0
rev_006701.sql-rev_006716.sql	35	35	307	307	0	0	0	0	0
rev_006716.sql-rev_006722.sql	35	35	307	307	0	0	0	0	0
rev_006722.sql-rev_006985.sql	35	35	307	307	0	0	0	0	0
rev_006985.sql-rev_007033.sql	35	35	307	307	0	0	0	0	0
rev_007033.sql-rev_007104.sql	35	35	307	307	0	0	0	0	0
rev_007104.sql-rev_007106.sql	35	35	307	307	0	0	0	0	0
rev_007106.sql-rev_007122.sql	35	35	307	316	0	0	9	0	0
rev_007122.sql-rev_007127.sql	35	35	316	316	0	0	0	0	0
rev_007127.sql-rev_007239.sql	35	35	316	316	0	0	0	0	0
rev_007239.sql-rev_007240.sql	35	35	316	316	0	0	0	0	0
rev_007240.sql-rev_007300.sql	35	35	316	316	0	0	0	0	0
rev_007300.sql-rev_007332.sql	35	35	316	316	0	0	0	0	0
rev_007332.sql-rev_007427.sql	35	34	313	310	0	1	0	3	0
rev_007427.sql-rev_007618.sql	34	34	313	313	0	0	1	1	0
rev_007618.sql-rev_007803.sql	34	34	313	313	0	0	0	0	0
rev_007803.sql-rev_008237.sql	34	34	313	313	0	0	0	0	1
rev_008237.sql-rev_008260.sql	34	35	313	316	1	0	3	0	0
rev_008260.sql-rev_008460.sql	35	35	316	316	0	0	0	0	0
rev_008460.sql-rev_008540.sql	35	35	316	316	0	0	0	0	0
rev_008540.sql-rev_008585.sql	35	35	316	316	0	0	0	0	0
rev_008585.sql-rev_008588.sql	35	35	316	316	0	0	0	0	0
rev_008588.sql-rev_008776.sql	35	35	316	316	0	0	0	0	0
rev_008776.sql-rev_008856.sql	35	36	316	316	1	0	0	0	0
rev_008856.sql-rev_008859.sql	36	36	316	316	0	0	0	0	0
rev_008859.sql-rev_009280.sql	36	36	316	316	0	0	0	0	0
rev_009280.sql-rev_009340.sql	36	36	316	316	0	0	0	0	0
rev_009340.sql-rev_009426.sql	36	36	316	316	0	0	0	0	0
rev_009426.sql-rev_009540.sql	36	36	316	316	0	0	0	0	0
rev_009540.sql-rev_009569.sql	36	36	316	316	0	0	0	0	0
rev_009569.sql-rev_009638.sql	36	36	316	316	0	0	0	0	0
rev_009638.sql-rev_009728.sql	36	36	316	316	0	0	0	0	0
rev_009728.sql-rev_009898.sql	36	36	316	316	0	0	0	0	0
rev_009898.sql-rev_009904.sql	36	36	316	316	0	0	0	0	0
rev_009904.sql-rev_010124.sql	36	36	316	316	0	0	0	0	0
rev_010124.sql-rev_010131.sql	36	36	316	316	0	0	0	0	0
rev_010131.sql-rev_010255.sql	36	36	316	316	0	0	0	0	0
